<?xml version="1.0"?>
<opencv_storage>
<test type_id="opencv-matrix">
  <rows>100</rows>
  <cols>73</cols>
  <dt>f</dt>
  <data>
    1. 5.00000000e-001 2.91666687e-001 2.08333343e-001 1.66666672e-001
    5.83333373e-001 7.50000000e-001 7.08333373e-001 7.50000000e-001
    7.50000000e-001 7.50000000e-001 7.08333373e-001 7.50000000e-001
    6.66666687e-001 5.41666687e-001 1.25000000e-001 2.08333343e-001
    3.33333343e-001 4.58333343e-001 1. 1. 6.66666687e-001
    4.66666698e-001 3.33333343e-001 2.66666681e-001 6.66666687e-001
    6.66666687e-001 8.00000072e-001 8.00000072e-001 8.00000072e-001
    8.00000072e-001 8.00000072e-001 7.33333349e-001 6.66666687e-001
    6.66666687e-001 6.66666687e-001 7.33333349e-001 8.00000072e-001
    7.33333349e-001 6.66666687e-001 6.66666687e-001 6.00000024e-001
    4.00000036e-001 2.66666681e-001 4.00000036e-001 4.66666698e-001
    6.00000024e-001 8.66666734e-001 217. 0. 0. 0. 255. 0. 255. 255. 255.
    0. 0. 255. 255. 255. 0. 0. 127. 255. 127. 0. 255. 0. 0. 0. 255. 1.
    3.46153855e-001 2.69230783e-001 1.53846160e-001 4.61538494e-001
    5.00000000e-001 6.53846204e-001 6.92307711e-001 7.30769277e-001
    7.69230783e-001 7.69230783e-001 7.30769277e-001 7.30769277e-001
    6.92307711e-001 6.53846204e-001 5.76923072e-001 1.15384623e-001
    1.92307696e-001 2.69230783e-001 4.61538494e-001 1. 6.42857194e-001
    4.28571463e-001 3.57142866e-001 3.57142866e-001 5.71428597e-001
    7.14285731e-001 7.14285731e-001 7.85714328e-001 8.57142925e-001
    9.28571463e-001 8.57142925e-001 8.57142925e-001 9.28571463e-001
    9.28571463e-001 9.28571463e-001 9.28571463e-001 9.28571463e-001
    9.28571463e-001 8.57142925e-001 7.85714328e-001 7.85714328e-001
    6.42857194e-001 5.00000000e-001 2.14285731e-001 3.57142866e-001
    5.00000000e-001 7.14285731e-001 255. 0. 0. 0. 217. 0. 127. 255. 255.
    0. 0. 255. 255. 255. 0. 0. 242. 255. 255. 0. 217. 0. 0. 0. 89.
    9.00000036e-001 4.50000018e-001 3.00000012e-001 2.00000003e-001
    1.50000006e-001 2.50000000e-001 7.50000000e-001 9.00000036e-001
    9.49999988e-001 1. 1. 1. 9.00000036e-001 8.00000012e-001
    7.50000000e-001 6.50000036e-001 1.00000001e-001 2.00000003e-001
    3.49999994e-001 6.50000036e-001 7.69230783e-001 5.38461566e-001
    3.84615391e-001 2.30769247e-001 4.61538494e-001 6.15384638e-001
    6.15384638e-001 7.69230783e-001 7.69230783e-001 8.46153855e-001
    7.69230783e-001 7.69230783e-001 7.69230783e-001 8.46153855e-001
    9.23076987e-001 8.46153855e-001 7.69230783e-001 7.69230783e-001
    7.69230783e-001 8.46153855e-001 7.69230783e-001 6.92307711e-001
    6.15384638e-001 4.61538494e-001 3.07692319e-001 3.84615391e-001
    5.38461566e-001 1. 217. 0. 0. 0. 89. 0. 127. 255. 255. 0. 0. 255.
    255. 255. 0. 0. 127. 255. 255. 0. 217. 0. 0. 0. 127. 6.99999988e-001
    4.00000006e-001 2.50000000e-001 1.50000006e-001 1.50000006e-001
    8.50000024e-001 9.00000036e-001 1. 9.49999988e-001 9.49999988e-001
    9.49999988e-001 9.49999988e-001 9.49999988e-001 9.00000036e-001
    7.50000000e-001 1.50000006e-001 1.50000006e-001 2.50000000e-001
    3.49999994e-001 6.50000036e-001 8.00000072e-001 4.00000036e-001
    2.66666681e-001 2.00000018e-001 5.33333361e-001 6.66666687e-001
    6.66666687e-001 6.66666687e-001 6.66666687e-001 6.66666687e-001
    6.66666687e-001 6.66666687e-001 6.66666687e-001 6.66666687e-001
    6.66666687e-001 6.66666687e-001 6.66666687e-001 6.66666687e-001
    6.66666687e-001 6.66666687e-001 6.00000024e-001 6.66666687e-001
    5.33333361e-001 1.33333340e-001 2.66666681e-001 4.00000036e-001
    6.66666687e-001 1. 127. 0. 0. 0. 89. 0. 255. 255. 255. 0. 0. 255.
    255. 255. 0. 0. 255. 255. 242. 0. 217. 0. 0. 0. 217. 7.50000000e-001
    4.00000006e-001 3.00000012e-001 2.00000003e-001 2.00000003e-001
    6.00000024e-001 8.50000024e-001 9.00000036e-001 9.49999988e-001 1.
    1. 9.49999988e-001 9.49999988e-001 9.49999988e-001 9.00000036e-001
    4.50000018e-001 1.00000001e-001 2.00000003e-001 3.49999994e-001
    5.50000012e-001 8.46153855e-001 6.15384638e-001 3.84615391e-001
    2.30769247e-001 6.15384638e-001 6.92307711e-001 7.69230783e-001
    7.69230783e-001 6.92307711e-001 7.69230783e-001 7.69230783e-001
    8.46153855e-001 8.46153855e-001 8.46153855e-001 8.46153855e-001
    8.46153855e-001 8.46153855e-001 8.46153855e-001 7.69230783e-001
    6.92307711e-001 6.92307711e-001 7.69230783e-001 6.92307711e-001
    3.07692319e-001 3.07692319e-001 3.84615391e-001 6.15384638e-001 1.
    217. 0. 0. 0. 89. 0. 127. 255. 255. 0. 0. 255. 255. 255. 0. 0. 127.
    255. 255. 0. 217. 0. 0. 0. 127. 6.50000036e-001 4.00000006e-001
    2.50000000e-001 1.50000006e-001 2.50000000e-001 8.50000024e-001
    9.49999988e-001 1. 1. 1. 1. 1. 1. 9.49999988e-001 8.00000012e-001
    2.00000003e-001 2.00000003e-001 3.00000012e-001 4.50000018e-001
    9.00000036e-001 1. 6.87500000e-001 3.75000000e-001 2.50000000e-001
    4.37500000e-001 5.62500000e-001 6.25000000e-001 6.25000000e-001
    6.87500000e-001 6.25000000e-001 6.25000000e-001 6.25000000e-001
    6.25000000e-001 6.25000000e-001 6.87500000e-001 6.87500000e-001
    6.25000000e-001 6.25000000e-001 6.25000000e-001 6.87500000e-001
    6.87500000e-001 6.25000000e-001 6.25000000e-001 5.00000000e-001
    2.50000000e-001 3.12500000e-001 5.00000000e-001 8.12500000e-001 217.
    0. 0. 0. 217. 0. 255. 255. 242. 0. 0. 255. 255. 255. 0. 0. 255. 255.
    255. 0. 127. 0. 0. 0. 217. 1. 4.23076928e-001 3.07692319e-001
    1.92307696e-001 1.92307696e-001 4.61538494e-001 6.92307711e-001
    7.30769277e-001 7.69230783e-001 7.69230783e-001 7.69230783e-001
    7.69230783e-001 8.07692349e-001 7.69230783e-001 6.92307711e-001
    4.61538494e-001 1.15384623e-001 1.92307696e-001 2.69230783e-001
    4.23076928e-001 1. 6.87500000e-001 5.00000000e-001 3.12500000e-001
    5.00000000e-001 5.62500000e-001 6.25000000e-001 6.25000000e-001
    6.25000000e-001 6.87500000e-001 6.87500000e-001 6.87500000e-001
    6.87500000e-001 7.50000000e-001 7.50000000e-001 7.50000000e-001
    7.50000000e-001 7.50000000e-001 6.87500000e-001 6.87500000e-001
    6.25000000e-001 6.25000000e-001 6.25000000e-001 5.62500000e-001
    2.50000000e-001 3.12500000e-001 5.00000000e-001 7.50000000e-001 255.
    0. 0. 0. 217. 0. 127. 255. 255. 0. 0. 255. 255. 255. 0. 0. 127. 255.
    255. 0. 255. 0. 0. 0. 89. 5.50000012e-001 3.49999994e-001
    2.50000000e-001 1.50000006e-001 3.00000012e-001 9.00000036e-001 1.
    9.49999988e-001 1. 1. 1. 9.49999988e-001 1. 9.00000036e-001
    7.50000000e-001 2.00000003e-001 2.00000003e-001 2.50000000e-001
    4.00000006e-001 8.50000024e-001 1. 7.33333349e-001 4.00000036e-001
    2.66666681e-001 3.33333343e-001 6.00000024e-001 6.66666687e-001
    6.00000024e-001 6.00000024e-001 6.66666687e-001 6.66666687e-001
    6.66666687e-001 7.33333349e-001 7.33333349e-001 7.33333349e-001
    6.66666687e-001 6.66666687e-001 6.66666687e-001 7.33333349e-001
    7.33333349e-001 7.33333349e-001 6.66666687e-001 6.66666687e-001
    6.00000024e-001 2.00000018e-001 2.66666681e-001 5.33333361e-001
    7.33333349e-001 217. 0. 0. 0. 217. 0. 255. 255. 127. 0. 0. 255. 255.
    255. 0. 0. 255. 255. 255. 0. 89. 0. 0. 0. 127. 7.99999952e-001
    3.99999976e-001 2.80000001e-001 1.99999988e-001 1.19999997e-001
    7.99999982e-002 6.80000007e-001 7.59999990e-001 7.59999990e-001
    7.59999990e-001 7.59999990e-001 7.59999990e-001 7.59999990e-001
    6.80000007e-001 7.99999982e-002 1.19999997e-001 1.99999988e-001
    2.80000001e-001 4.39999998e-001 1. 1. 6.25000000e-001
    5.00000000e-001 3.75000000e-001 2.50000000e-001 5.62500000e-001
    5.00000000e-001 6.25000000e-001 6.25000000e-001 6.25000000e-001
    6.25000000e-001 5.62500000e-001 5.00000000e-001 5.00000000e-001
    5.00000000e-001 5.62500000e-001 5.62500000e-001 5.62500000e-001
    5.62500000e-001 6.25000000e-001 6.25000000e-001 6.25000000e-001
    5.00000000e-001 5.00000000e-001 2.50000000e-001 3.75000000e-001
    5.00000000e-001 8.75000000e-001 255. 0. 0. 0. 255. 0. 127. 255. 127.
